36
50
76
22
31
18
40
55
89
65
71
33
25
47
11
28
29
53
30
126
68
65
49
41
13
61
27
40
36
78
48
132
131
60
40
22
25
35
21
81
27
81
36
59
31
27
42
58
229
57
23
46
42
42
28
26
32
44
33
30
38
22
9
25
13
37
18
35
55
57
17
25
37
29
72
11
25
40
50
65
52
36
32
32
55
29
41
9
27
27
13
25
17
13
32
25
19
21
21
21
38
26
31
29
25
21
50
34
37
41
30
48
35
89
82
58
47
150
127
90
122
255
75
281
57
77
40
19
38
34
38
34
56
30
27
36
40
74
31
44
125
77
114
37
81
